08 07 00 00 00 00 00 00 00 03 00 00 13 00 04 00
00 05 14 00 00 00 03 10 15 09 01 00 00 06 00 00
16 00 00 00 05 08 07 00 00 14 00 00 09 00 11 12
00 00 04 00 00 14 06 13 00 11 10 12 00 07 00 03
14 00 00 08 00 00 01 00 00 00 00 03 07 04 12 00
09 00 00 00 00 06 15 12 00 00 13 14 00 03 01 00
11 00 10 03 00 00 13 00 00 08 00 01 00 00 06 00
06 00 00 01 14 00 04 00 00 05 00 09 11 00 00 13
00 00 00 00 15 00 00 00 00 00 09 00 05 00 02 10
10 01 00 00 06 00 05 00 13 15 07 16 00 00 00 00
00 00 16 11 00 04 00 08 02 00 00 00 00 13 00 07
00 09 00 07 01 03 00 02 06 00 08 10 16 15 14 04
07 00 13 00 09 16 00 05 00 00 14 04 03 08 00 02
00 00 03 00 10 00 00 00 00 00 00 00 00 16 15 00
01 00 09 00 00 00 14 04 00 00 00 00 00 00 07 00
00 06 08 00 03 00 00 00 10 07 00 00 00 00 00 00